9,195
41,6
-16,103
-3,361
-55,5
-64,1
49,6
10,190
69,1
61,2
72,1
54,1
22,56
-10,180
13,124
19,78
-20,65
24,50
26,36
47,5
6,267
79,1
8,228
38,12
-22,56
60,1
-49,5
-24,42
4,315
-52,6
102,1
-74,1
-1,483
46,7
-50,4
42,16
-32,23
1,434
68,1
-11,185
20,87
12,143
-44,7
48,1
-63,1
-41,12
29,31
-40,12
-34,9
11,145
-18,79
45,7
30,21
-54,3
37,13
-45,3
44,5
52,1
-58,4
-30,29
18,102
-14,139
-76,1
-36,8
56,2
2,426
55,3
3,364
-21,64
-7,272
65,1
-17,80
-38,9
21,70
7,233
-31,20
53,3
-69,2
-57,1
-15,110
-47,6
51,2
-23,54
-60,2
-29,29
-61,2
-59,1
-42,10
31,25
-68,1
27,24
-6,282
-33,17
-37,14
34,20
28,29
-9,196
40,10
-5,314
-46,7
33,23
16,86
50,4
-27,30
89,1
-39,7
-114,1
-65,1
39,20
-8,231
-43,7
62,2
-19,74
32,28
35,23
58,1
36,10
-28,24
-2,401
63,2
0,462
5,316
17,77
-48,7
57,1
-25,45
23,48
-71,1
25,40
43,9
-51,4
-4,339
15,118
-26,32
-13,135
14,113
-35,13
-12,138
-56,3
78,1
